1789937421 1388314624
1789937428 1385798041
1789937435 1407188992
1789937442 1437597696
1789937449 1511522304
1789937456 1627285094
1789937463 1744411033
1789937470 1836685721
1789937478 1840775168
1789937485 1867828428
1789937492 1865102131
1789937499 1871603302
1789937506 1873700454
1789937513 1874119884
1789937520 1874224742
1789937527 1875273318
1789937535 1875273318
1789937542 1875692748
1789937549 1876112179
1789937556 1880306483
1789937563 1876112179
1789937570 1876531609
1789937577 1905682022
